evaluations raw_y
1 1.0000000000
2 6.0000000000
5 8.0000000000
16 9.0000000000
29 11.0000000000
254 14.0000000000
276 17.0000000000
352 18.0000000000
396 19.0000000000
570 24.0000000000
748 25.0000000000
1155 26.0000000000
1238 28.0000000000
1265 29.0000000000
1813 31.0000000000
1846 32.0000000000
1963 33.0000000000
2035 35.0000000000
2119 37.0000000000
2239 41.0000000000
2620 44.0000000000
3106 46.0000000000
3369 47.0000000000
3516 48.0000000000
3639 50.0000000000
3713 51.0000000000
3769 52.0000000000
3786 53.0000000000
4181 54.0000000000
4371 56.0000000000
4436 57.0000000000
4676 59.0000000000
4817 61.0000000000
4830 64.0000000000
4853 65.0000000000
5301 66.0000000000
5368 67.0000000000
5553 71.0000000000
5597 73.0000000000
5823 74.0000000000
5943 76.0000000000
6703 79.0000000000
6838 81.0000000000
6913 89.0000000000
7124 90.0000000000
7261 93.0000000000
7422 95.0000000000
7605 98.0000000000
8393 100.0000000000
8420 16.0000000000
evaluations raw_y
1 3.0000000000
5 4.0000000000
20 5.0000000000
67 7.0000000000
146 9.0000000000
189 15.0000000000
256 16.0000000000
276 19.0000000000
304 20.0000000000
478 21.0000000000
506 22.0000000000
596 23.0000000000
629 27.0000000000
766 28.0000000000
846 29.0000000000
882 31.0000000000
1008 32.0000000000
1057 33.0000000000
1195 38.0000000000
1318 40.0000000000
1464 42.0000000000
1616 44.0000000000
1621 46.0000000000
1859 51.0000000000
1899 53.0000000000
1995 54.0000000000
2312 55.0000000000
2455 56.0000000000
2492 58.0000000000
2842 59.0000000000
3108 60.0000000000
3279 61.0000000000
3519 64.0000000000
3568 66.0000000000
3710 67.0000000000
3897 70.0000000000
4268 72.0000000000
4905 74.0000000000
6062 75.0000000000
6914 79.0000000000
7534 80.0000000000
7578 81.0000000000
8309 83.0000000000
8494 85.0000000000
8542 86.0000000000
8669 87.0000000000
8729 88.0000000000
8920 89.0000000000
9080 90.0000000000
9354 91.0000000000
9662 95.0000000000
10536 97.0000000000
10806 98.0000000000
11269 100.0000000000
11300 49.0000000000
evaluations raw_y
1 0.0000000000
2 1.0000000000
3 5.0000000000
97 13.0000000000
185 14.0000000000
244 16.0000000000
280 18.0000000000
418 19.0000000000
638 20.0000000000
959 22.0000000000
995 23.0000000000
1021 26.0000000000
1768 27.0000000000
1800 30.0000000000
2029 34.0000000000
2103 36.0000000000
2146 37.0000000000
2232 38.0000000000
2447 39.0000000000
2481 41.0000000000
2712 43.0000000000
3000 44.0000000000
3048 45.0000000000
3140 47.0000000000
3186 48.0000000000
3357 50.0000000000
3557 51.0000000000
3604 54.0000000000
3759 56.0000000000
4385 58.0000000000
4609 59.0000000000
5259 60.0000000000
5451 61.0000000000
5719 62.0000000000
5777 67.0000000000
6074 68.0000000000
6115 69.0000000000
6366 70.0000000000
6371 71.0000000000
6666 73.0000000000
6817 74.0000000000
6880 78.0000000000
6983 80.0000000000
7400 84.0000000000
7494 86.0000000000
7524 87.0000000000
7788 90.0000000000
8230 94.0000000000
8353 95.0000000000
8389 97.0000000000
8750 98.0000000000
8977 99.0000000000
9135 100.0000000000
9140 11.0000000000
evaluations raw_y
1 5.0000000000
37 6.0000000000
67 7.0000000000
139 9.0000000000
217 11.0000000000
223 13.0000000000
285 14.0000000000
446 15.0000000000
461 17.0000000000
524 19.0000000000
609 26.0000000000
718 27.0000000000
823 28.0000000000
999 29.0000000000
1026 31.0000000000
1112 33.0000000000
1355 36.0000000000
1534 38.0000000000
1945 39.0000000000
2165 40.0000000000
2243 43.0000000000
2994 44.0000000000
3377 45.0000000000
3553 47.0000000000
3643 49.0000000000
3849 52.0000000000
3875 53.0000000000
4325 56.0000000000
4553 58.0000000000
5029 59.0000000000
5116 60.0000000000
5709 61.0000000000
5926 63.0000000000
5980 65.0000000000
6088 67.0000000000
6390 70.0000000000
6466 71.0000000000
6540 74.0000000000
6593 76.0000000000
6814 82.0000000000
7011 85.0000000000
7218 86.0000000000
7512 87.0000000000
7635 89.0000000000
8088 90.0000000000
8482 92.0000000000
8821 93.0000000000
9728 95.0000000000
9825 98.0000000000
10035 99.0000000000
10134 100.0000000000
10140 98.0000000000
evaluations raw_y
1 1.0000000000
4 3.0000000000
11 4.0000000000
71 5.0000000000
262 6.0000000000
318 7.0000000000
336 8.0000000000
602 10.0000000000
792 11.0000000000
873 13.0000000000
1022 15.0000000000
1272 18.0000000000
1311 20.0000000000
1365 22.0000000000
1879 26.0000000000
2213 27.0000000000
2362 32.0000000000
2402 34.0000000000
2663 36.0000000000
2875 38.0000000000
3069 42.0000000000
3185 43.0000000000
3262 46.0000000000
3394 47.0000000000
3556 48.0000000000
3733 51.0000000000
3935 52.0000000000
4240 54.0000000000
4817 55.0000000000
4883 59.0000000000
4982 60.0000000000
5013 61.0000000000
5032 65.0000000000
5107 67.0000000000
5307 70.0000000000
5346 73.0000000000
5526 74.0000000000
5862 78.0000000000
5964 79.0000000000
6278 80.0000000000
6514 81.0000000000
7140 82.0000000000
7183 84.0000000000
7233 85.0000000000
7253 86.0000000000
7405 87.0000000000
7772 90.0000000000
7876 91.0000000000
7912 93.0000000000
8059 95.0000000000
8353 100.0000000000
8380 6.0000000000
evaluations raw_y
1 0.0000000000
3 4.0000000000
41 10.0000000000
69 11.0000000000
105 15.0000000000
153 16.0000000000
302 21.0000000000
400 23.0000000000
688 24.0000000000
801 32.0000000000
1077 34.0000000000
1190 36.0000000000
1303 38.0000000000
1657 39.0000000000
1953 41.0000000000
2194 42.0000000000
2235 47.0000000000
2339 49.0000000000
2443 50.0000000000
3136 51.0000000000
3499 54.0000000000
4064 56.0000000000
4225 57.0000000000
4643 58.0000000000
4752 60.0000000000
4825 68.0000000000
4870 72.0000000000
5286 74.0000000000
5499 77.0000000000
5732 79.0000000000
6473 82.0000000000
6585 84.0000000000
6659 86.0000000000
6774 90.0000000000
7007 95.0000000000
7077 96.0000000000
7691 97.0000000000
7747 100.0000000000
7780 96.0000000000
evaluations raw_y
1 1.0000000000
3 4.0000000000
60 5.0000000000
125 7.0000000000
504 11.0000000000
612 13.0000000000
745 15.0000000000
1088 16.0000000000
1281 19.0000000000
1321 22.0000000000
1486 24.0000000000
1508 25.0000000000
1687 26.0000000000
1703 28.0000000000
1884 29.0000000000
1952 30.0000000000
2090 31.0000000000
2172 33.0000000000
2242 34.0000000000
2351 35.0000000000
2476 36.0000000000
2707 37.0000000000
2880 39.0000000000
2976 40.0000000000
3116 41.0000000000
3302 42.0000000000
3367 44.0000000000
3424 47.0000000000
3616 50.0000000000
3652 51.0000000000
3859 54.0000000000
4291 55.0000000000
4342 60.0000000000
4575 61.0000000000
4643 65.0000000000
4829 66.0000000000
5644 69.0000000000
5890 70.0000000000
6507 74.0000000000
6707 76.0000000000
6973 77.0000000000
7069 78.0000000000
7191 79.0000000000
7462 80.0000000000
7638 81.0000000000
7662 82.0000000000
8131 84.0000000000
8272 86.0000000000
8427 87.0000000000
8889 88.0000000000
8944 90.0000000000
9262 91.0000000000
10035 92.0000000000
10916 93.0000000000
10975 96.0000000000
11103 97.0000000000
11711 98.0000000000
11725 99.0000000000
11896 100.0000000000
11900 19.0000000000
evaluations raw_y
1 1.0000000000
4 3.0000000000
48 6.0000000000
93 10.0000000000
216 11.0000000000
225 12.0000000000
323 17.0000000000
485 18.0000000000
747 19.0000000000
960 20.0000000000
1149 21.0000000000
1507 26.0000000000
1619 31.0000000000
1856 32.0000000000
1902 33.0000000000
2034 34.0000000000
2088 37.0000000000
2124 38.0000000000
2815 39.0000000000
2825 40.0000000000
3341 41.0000000000
3475 42.0000000000
3519 47.0000000000
3745 49.0000000000
3990 51.0000000000
4026 52.0000000000
4066 53.0000000000
4265 54.0000000000
4329 55.0000000000
4398 56.0000000000
4465 62.0000000000
5005 64.0000000000
5458 66.0000000000
5680 67.0000000000
5891 72.0000000000
6270 75.0000000000
6362 81.0000000000
6614 82.0000000000
6807 83.0000000000
7035 85.0000000000
7415 87.0000000000
8159 89.0000000000
8194 90.0000000000
8884 94.0000000000
9250 96.0000000000
9586 99.0000000000
9674 100.0000000000
9700 41.0000000000
evaluations raw_y
1 0.0000000000
4 3.0000000000
18 4.0000000000
29 11.0000000000
106 12.0000000000
212 14.0000000000
265 15.0000000000
475 16.0000000000
581 17.0000000000
634 18.0000000000
758 20.0000000000
918 21.0000000000
965 26.0000000000
1107 27.0000000000
1177 28.0000000000
1291 31.0000000000
1468 33.0000000000
1767 35.0000000000
1889 36.0000000000
2053 37.0000000000
2078 38.0000000000
2118 39.0000000000
2229 40.0000000000
2267 41.0000000000
2408 43.0000000000
2524 45.0000000000
2799 49.0000000000
2900 53.0000000000
2943 55.0000000000
3239 56.0000000000
3542 57.0000000000
3583 60.0000000000
4327 61.0000000000
4667 62.0000000000
4870 65.0000000000
4988 66.0000000000
5217 68.0000000000
5316 70.0000000000
5805 71.0000000000
6081 74.0000000000
6149 76.0000000000
6571 79.0000000000
6589 82.0000000000
6676 87.0000000000
7121 88.0000000000
7586 89.0000000000
7779 91.0000000000
8369 93.0000000000
8670 95.0000000000
9038 96.0000000000
9793 99.0000000000
10964 100.0000000000
10980 40.0000000000
evaluations raw_y
1 0.0000000000
4 1.0000000000
8 2.0000000000
33 6.0000000000
74 7.0000000000
221 10.0000000000
270 14.0000000000
321 16.0000000000
369 18.0000000000
410 21.0000000000
525 22.0000000000
543 23.0000000000
782 24.0000000000
1025 25.0000000000
1293 26.0000000000
1365 27.0000000000
1476 30.0000000000
1562 33.0000000000
1592 36.0000000000
1886 37.0000000000
1929 38.0000000000
1976 42.0000000000
2082 43.0000000000
2581 44.0000000000
2646 51.0000000000
2875 52.0000000000
3125 54.0000000000
3450 56.0000000000
3561 57.0000000000
3745 58.0000000000
4155 60.0000000000
4388 61.0000000000
4604 64.0000000000
5335 69.0000000000
5390 72.0000000000
5684 76.0000000000
5799 77.0000000000
5858 78.0000000000
6473 79.0000000000
6570 81.0000000000
6801 83.0000000000
7237 87.0000000000
7504 91.0000000000
7566 93.0000000000
7926 96.0000000000
8262 97.0000000000
8556 99.0000000000
8850 100.0000000000
8860 42.0000000000
