evaluations raw_y
1 2874.0000000000
28 2889.0000000000
31 3033.0000000000
33 3168.0000000000
37 3255.0000000000
82 3391.0000000000
145 3501.0000000000
148 3512.0000000000
149 3733.0000000000
195 3824.0000000000
200 3902.0000000000
244 4006.0000000000
263 4023.0000000000
279 4173.0000000000
308 4192.0000000000
341 4271.0000000000
383 4287.0000000000
386 4349.0000000000
397 4353.0000000000
401 4382.0000000000
421 4501.0000000000
477 4509.0000000000
507 4559.0000000000
533 4569.0000000000
562 4576.0000000000
566 4608.0000000000
572 4628.0000000000
587 4640.0000000000
627 4666.0000000000
697 4683.0000000000
718 4687.0000000000
727 4695.0000000000
744 4704.0000000000
759 4770.0000000000
799 4794.0000000000
839 4846.0000000000
919 4861.0000000000
941 4872.0000000000
947 4879.0000000000
963 4891.0000000000
995 4918.0000000000
1003 4925.0000000000
1061 4933.0000000000
1064 4941.0000000000
1102 4966.0000000000
1106 4999.0000000000
1227 5005.0000000000
1279 5007.0000000000
1378 5009.0000000000
1455 5011.0000000000
1489 5020.0000000000
1556 5022.0000000000
1592 5037.0000000000
1652 5039.0000000000
1699 5040.0000000000
2025 5050.0000000000
2060 4956.0000000000
evaluations raw_y
1 2301.0000000000
2 2426.0000000000
5 2650.0000000000
6 2931.0000000000
24 2993.0000000000
40 2998.0000000000
54 3159.0000000000
57 3193.0000000000
71 3205.0000000000
78 3388.0000000000
103 3418.0000000000
119 3425.0000000000
126 3534.0000000000
158 3542.0000000000
170 3549.0000000000
180 3564.0000000000
186 3606.0000000000
189 3613.0000000000
197 3726.0000000000
206 3787.0000000000
228 3837.0000000000
246 3867.0000000000
254 3933.0000000000
256 4010.0000000000
274 4022.0000000000
302 4202.0000000000
361 4253.0000000000
382 4295.0000000000
388 4333.0000000000
405 4397.0000000000
434 4415.0000000000
459 4527.0000000000
508 4546.0000000000
522 4640.0000000000
561 4644.0000000000
570 4657.0000000000
598 4706.0000000000
637 4711.0000000000
681 4716.0000000000
728 4720.0000000000
754 4850.0000000000
853 4860.0000000000
858 4883.0000000000
888 4885.0000000000
897 4893.0000000000
912 4923.0000000000
950 4937.0000000000
968 4948.0000000000
989 4976.0000000000
1022 5009.0000000000
1098 5015.0000000000
1242 5016.0000000000
1256 5017.0000000000
1297 5018.0000000000
1315 5022.0000000000
1319 5030.0000000000
1346 5031.0000000000
1383 5033.0000000000
1412 5034.0000000000
1462 5036.0000000000
1499 5037.0000000000
1506 5041.0000000000
1554 5043.0000000000
1583 5046.0000000000
1604 5049.0000000000
1960 5050.0000000000
1980 5049.0000000000
evaluations raw_y
1 2920.0000000000
20 3002.0000000000
21 3070.0000000000
42 3094.0000000000
44 3145.0000000000
49 3328.0000000000
74 3347.0000000000
81 3354.0000000000
91 3515.0000000000
115 3548.0000000000
141 3616.0000000000
155 3717.0000000000
172 3743.0000000000
181 3854.0000000000
211 3856.0000000000
223 3996.0000000000
252 4044.0000000000
267 4206.0000000000
324 4218.0000000000
340 4235.0000000000
343 4237.0000000000
357 4279.0000000000
366 4288.0000000000
381 4356.0000000000
395 4380.0000000000
411 4404.0000000000
429 4415.0000000000
453 4426.0000000000
459 4457.0000000000
464 4489.0000000000
477 4508.0000000000
493 4527.0000000000
504 4582.0000000000
549 4631.0000000000
554 4658.0000000000
595 4684.0000000000
642 4695.0000000000
656 4698.0000000000
663 4705.0000000000
668 4720.0000000000
699 4724.0000000000
711 4733.0000000000
714 4735.0000000000
730 4807.0000000000
743 4857.0000000000
789 4896.0000000000
864 4963.0000000000
948 4981.0000000000
990 4987.0000000000
1052 4989.0000000000
1136 4995.0000000000
1169 5031.0000000000
1188 5033.0000000000
1226 5041.0000000000
1331 5044.0000000000
1419 5045.0000000000
1460 5049.0000000000
1585 5050.0000000000
1620 5049.0000000000
evaluations raw_y
1 2636.0000000000
5 2658.0000000000
9 2739.0000000000
20 2746.0000000000
22 3018.0000000000
66 3222.0000000000
103 3397.0000000000
117 3410.0000000000
142 3442.0000000000
151 3500.0000000000
154 3583.0000000000
184 3758.0000000000
211 3879.0000000000
215 3905.0000000000
223 3909.0000000000
237 3986.0000000000
262 4169.0000000000
282 4234.0000000000
301 4263.0000000000
355 4405.0000000000
405 4450.0000000000
420 4481.0000000000
427 4483.0000000000
435 4503.0000000000
466 4517.0000000000
469 4571.0000000000
498 4631.0000000000
549 4642.0000000000
557 4686.0000000000
584 4706.0000000000
616 4708.0000000000
626 4712.0000000000
649 4746.0000000000
652 4759.0000000000
680 4764.0000000000
711 4805.0000000000
748 4818.0000000000
771 4855.0000000000
779 4868.0000000000
783 4884.0000000000
899 4910.0000000000
944 4950.0000000000
1079 4957.0000000000
1091 4961.0000000000
1155 4986.0000000000
1264 4987.0000000000
1280 4994.0000000000
1366 5003.0000000000
1489 5004.0000000000
1515 5010.0000000000
1522 5014.0000000000
1589 5030.0000000000
1716 5034.0000000000
1863 5035.0000000000
1917 5050.0000000000
1940 4944.0000000000
evaluations raw_y
1 2177.0000000000
2 2836.0000000000
6 2918.0000000000
14 3112.0000000000
26 3433.0000000000
62 3573.0000000000
103 3930.0000000000
182 3962.0000000000
188 3964.0000000000
194 4004.0000000000
213 4228.0000000000
241 4353.0000000000
273 4417.0000000000
285 4486.0000000000
350 4558.0000000000
351 4584.0000000000
393 4585.0000000000
402 4614.0000000000
409 4663.0000000000
423 4748.0000000000
472 4771.0000000000
497 4784.0000000000
500 4803.0000000000
511 4808.0000000000
536 4812.0000000000
549 4815.0000000000
584 4836.0000000000
600 4853.0000000000
682 4862.0000000000
737 4866.0000000000
740 4923.0000000000
758 4934.0000000000
859 4936.0000000000
874 4950.0000000000
892 4951.0000000000
893 4953.0000000000
914 4967.0000000000
990 4978.0000000000
1032 4998.0000000000
1107 5008.0000000000
1135 5009.0000000000
1221 5025.0000000000
1305 5043.0000000000
1600 5050.0000000000
1620 5043.0000000000
evaluations raw_y
1 2506.0000000000
2 2693.0000000000
7 3004.0000000000
10 3056.0000000000
30 3224.0000000000
43 3389.0000000000
86 3518.0000000000
111 3538.0000000000
117 3569.0000000000
121 3769.0000000000
146 3882.0000000000
181 3975.0000000000
209 4021.0000000000
237 4050.0000000000
251 4078.0000000000
259 4098.0000000000
265 4209.0000000000
270 4247.0000000000
290 4329.0000000000
312 4333.0000000000
350 4340.0000000000
351 4376.0000000000
400 4384.0000000000
407 4398.0000000000
410 4446.0000000000
421 4474.0000000000
427 4518.0000000000
443 4543.0000000000
466 4559.0000000000
485 4563.0000000000
492 4578.0000000000
493 4580.0000000000
508 4631.0000000000
551 4654.0000000000
555 4655.0000000000
581 4680.0000000000
622 4690.0000000000
630 4697.0000000000
637 4723.0000000000
661 4730.0000000000
699 4777.0000000000
732 4829.0000000000
742 4866.0000000000
760 4868.0000000000
799 4880.0000000000
835 4881.0000000000
837 4896.0000000000
880 4913.0000000000
902 4915.0000000000
909 4931.0000000000
957 4936.0000000000
984 4956.0000000000
1012 4995.0000000000
1041 5001.0000000000
1124 5017.0000000000
1140 5023.0000000000
1192 5036.0000000000
1237 5039.0000000000
1377 5040.0000000000
1422 5043.0000000000
1721 5049.0000000000
1987 5050.0000000000
2020 5049.0000000000
evaluations raw_y
1 3061.0000000000
7 3218.0000000000
17 3262.0000000000
23 3291.0000000000
31 3370.0000000000
37 3694.0000000000
70 3962.0000000000
101 4087.0000000000
142 4194.0000000000
148 4273.0000000000
181 4275.0000000000
216 4340.0000000000
227 4535.0000000000
287 4567.0000000000
311 4585.0000000000
316 4612.0000000000
350 4615.0000000000
359 4630.0000000000
370 4675.0000000000
400 4712.0000000000
432 4738.0000000000
482 4767.0000000000
513 4772.0000000000
523 4823.0000000000
550 4835.0000000000
552 4838.0000000000
583 4891.0000000000
629 4902.0000000000
694 4909.0000000000
715 4952.0000000000
853 4971.0000000000
934 4982.0000000000
955 5001.0000000000
1079 5003.0000000000
1120 5009.0000000000
1265 5024.0000000000
1309 5032.0000000000
1363 5035.0000000000
1541 5048.0000000000
1683 5050.0000000000
1700 5050.0000000000
evaluations raw_y
1 2572.0000000000
6 2602.0000000000
7 2626.0000000000
8 2708.0000000000
14 2998.0000000000
34 3047.0000000000
41 3118.0000000000
51 3337.0000000000
74 3626.0000000000
111 3649.0000000000
115 3902.0000000000
141 3921.0000000000
190 3948.0000000000
222 4078.0000000000
251 4091.0000000000
253 4124.0000000000
261 4128.0000000000
279 4170.0000000000
304 4220.0000000000
305 4314.0000000000
349 4381.0000000000
389 4387.0000000000
400 4398.0000000000
437 4464.0000000000
456 4489.0000000000
465 4508.0000000000
504 4542.0000000000
505 4546.0000000000
547 4581.0000000000
581 4623.0000000000
623 4630.0000000000
640 4653.0000000000
645 4690.0000000000
676 4691.0000000000
704 4721.0000000000
729 4739.0000000000
742 4741.0000000000
774 4758.0000000000
788 4762.0000000000
797 4776.0000000000
803 4783.0000000000
817 4805.0000000000
834 4823.0000000000
840 4849.0000000000
849 4858.0000000000
866 4904.0000000000
982 4926.0000000000
1042 4949.0000000000
1109 4952.0000000000
1161 4961.0000000000
1168 4966.0000000000
1294 4978.0000000000
1321 4983.0000000000
1350 4985.0000000000
1358 4996.0000000000
1364 4999.0000000000
1386 5000.0000000000
1411 5002.0000000000
1420 5015.0000000000
1466 5019.0000000000
1686 5023.0000000000
1718 5027.0000000000
1784 5048.0000000000
1896 5050.0000000000
1900 4992.0000000000
evaluations raw_y
1 2203.0000000000
3 2489.0000000000
7 2558.0000000000
8 2576.0000000000
9 2625.0000000000
12 2699.0000000000
18 2820.0000000000
19 2888.0000000000
28 2890.0000000000
31 2922.0000000000
45 2995.0000000000
55 3107.0000000000
63 3350.0000000000
117 3474.0000000000
142 3502.0000000000
152 3515.0000000000
153 3547.0000000000
186 3604.0000000000
221 3659.0000000000
224 3724.0000000000
226 3809.0000000000
272 3823.0000000000
290 3848.0000000000
302 3878.0000000000
303 3968.0000000000
310 4099.0000000000
356 4125.0000000000
360 4159.0000000000
384 4171.0000000000
391 4314.0000000000
466 4344.0000000000
475 4386.0000000000
504 4413.0000000000
529 4429.0000000000
543 4433.0000000000
547 4461.0000000000
561 4481.0000000000
583 4510.0000000000
584 4516.0000000000
640 4535.0000000000
649 4547.0000000000
661 4604.0000000000
711 4612.0000000000
733 4637.0000000000
760 4672.0000000000
786 4693.0000000000
814 4696.0000000000
830 4713.0000000000
839 4718.0000000000
884 4740.0000000000
926 4753.0000000000
931 4802.0000000000
1013 4813.0000000000
1036 4827.0000000000
1038 4833.0000000000
1042 4857.0000000000
1062 4869.0000000000
1121 4871.0000000000
1129 4872.0000000000
1172 4882.0000000000
1196 4891.0000000000
1223 4918.0000000000
1266 4938.0000000000
1301 4945.0000000000
1318 4955.0000000000
1350 4964.0000000000
1402 4987.0000000000
1557 4991.0000000000
1625 5020.0000000000
1757 5038.0000000000
1981 5047.0000000000
2130 5050.0000000000
2140 4943.0000000000
evaluations raw_y
1 2968.0000000000
23 3102.0000000000
65 3168.0000000000
88 3278.0000000000
91 3382.0000000000
102 3527.0000000000
109 3626.0000000000
153 3658.0000000000
166 3777.0000000000
193 3882.0000000000
225 3889.0000000000
230 3916.0000000000
239 3941.0000000000
245 3959.0000000000
263 3993.0000000000
266 4047.0000000000
286 4075.0000000000
303 4146.0000000000
342 4164.0000000000
347 4198.0000000000
368 4281.0000000000
400 4324.0000000000
422 4329.0000000000
427 4332.0000000000
430 4365.0000000000
432 4427.0000000000
461 4428.0000000000
503 4461.0000000000
509 4481.0000000000
544 4577.0000000000
622 4593.0000000000
637 4604.0000000000
654 4641.0000000000
666 4657.0000000000
688 4708.0000000000
724 4740.0000000000
779 4744.0000000000
782 4760.0000000000
817 4876.0000000000
868 4883.0000000000
882 4890.0000000000
923 4891.0000000000
945 4894.0000000000
947 4903.0000000000
1001 4904.0000000000
1026 4909.0000000000
1056 4914.0000000000
1061 4915.0000000000
1073 4926.0000000000
1145 4932.0000000000
1152 4936.0000000000
1171 4948.0000000000
1189 4981.0000000000
1320 4997.0000000000
1372 5010.0000000000
1393 5022.0000000000
1395 5026.0000000000
1454 5041.0000000000
2029 5045.0000000000
2415 5050.0000000000
2420 4957.0000000000
