evaluations raw_y
1 -1371.0000000000
3 -1088.0000000000
20 -894.0000000000
28 -855.0000000000
66 -825.0000000000
71 -806.0000000000
111 -680.0000000000
141 -534.0000000000
165 -514.0000000000
198 -475.0000000000
232 -456.0000000000
242 -389.0000000000
283 -388.0000000000
304 -369.0000000000
314 -359.0000000000
316 -351.0000000000
325 -349.0000000000
359 -340.0000000000
361 -320.0000000000
378 -310.0000000000
395 -301.0000000000
416 -291.0000000000
422 -262.0000000000
488 -253.0000000000
490 -223.0000000000
513 -213.0000000000
524 -205.0000000000
540 -185.0000000000
544 -175.0000000000
590 -157.0000000000
592 -127.0000000000
624 -107.0000000000
652 -98.0000000000
664 -70.0000000000
707 -69.0000000000
738 -60.0000000000
748 -41.0000000000
786 -31.0000000000
796 -22.0000000000
831 -21.0000000000
877 -13.0000000000
891 -12.0000000000
932 -4.0000000000
1047 -3.0000000000
1105 -2.0000000000
1178 6.0000000000
1260 7.0000000000
1449 8.0000000000
1856 9.0000000000
200020 -39.0000000000
evaluations raw_y
1 -1157.0000000000
17 -1118.0000000000
25 -1050.0000000000
27 -904.0000000000
69 -875.0000000000
89 -826.0000000000
102 -778.0000000000
113 -758.0000000000
125 -748.0000000000
127 -700.0000000000
143 -602.0000000000
175 -583.0000000000
204 -564.0000000000
211 -525.0000000000
223 -496.0000000000
229 -486.0000000000
264 -466.0000000000
272 -409.0000000000
302 -292.0000000000
346 -253.0000000000
356 -244.0000000000
358 -235.0000000000
381 -166.0000000000
437 -147.0000000000
462 -138.0000000000
463 -99.0000000000
480 -90.0000000000
513 -81.0000000000
549 -60.0000000000
581 -51.0000000000
599 -32.0000000000
654 -23.0000000000
686 -13.0000000000
711 -12.0000000000
731 -4.0000000000
799 -3.0000000000
917 6.0000000000
1109 7.0000000000
1160 8.0000000000
1205 9.0000000000
200020 -11.0000000000
evaluations raw_y
1 -1313.0000000000
4 -1167.0000000000
8 -1021.0000000000
36 -972.0000000000
64 -963.0000000000
68 -904.0000000000
70 -875.0000000000
75 -826.0000000000
101 -758.0000000000
110 -738.0000000000
111 -652.0000000000
155 -544.0000000000
186 -535.0000000000
223 -331.0000000000
238 -321.0000000000
267 -310.0000000000
278 -263.0000000000
313 -244.0000000000
316 -195.0000000000
351 -194.0000000000
357 -176.0000000000
373 -61.0000000000
464 -51.0000000000
518 -23.0000000000
606 -14.0000000000
707 -5.0000000000
802 -4.0000000000
852 -3.0000000000
917 -2.0000000000
1116 7.0000000000
10807 8.0000000000
11032 9.0000000000
11170 10.0000000000
11180 -12.0000000000
evaluations raw_y
1 -1419.0000000000
5 -1332.0000000000
7 -1128.0000000000
14 -1107.0000000000
40 -1000.0000000000
58 -971.0000000000
67 -864.0000000000
101 -815.0000000000
133 -797.0000000000
144 -768.0000000000
149 -679.0000000000
163 -660.0000000000
185 -640.0000000000
187 -631.0000000000
198 -543.0000000000
267 -494.0000000000
304 -485.0000000000
308 -456.0000000000
338 -417.0000000000
354 -408.0000000000
355 -378.0000000000
382 -330.0000000000
424 -281.0000000000
450 -272.0000000000
453 -243.0000000000
467 -224.0000000000
478 -195.0000000000
536 -146.0000000000
555 -136.0000000000
577 -117.0000000000
612 -107.0000000000
662 -89.0000000000
668 -88.0000000000
709 -69.0000000000
747 -60.0000000000
779 -59.0000000000
813 -50.0000000000
843 -31.0000000000
852 -22.0000000000
887 -12.0000000000
919 -3.0000000000
1021 6.0000000000
1143 7.0000000000
1202 8.0000000000
1219 9.0000000000
200020 -59.0000000000
evaluations raw_y
1 -1537.0000000000
2 -1283.0000000000
3 -1274.0000000000
4 -1255.0000000000
10 -1128.0000000000
47 -1079.0000000000
62 -923.0000000000
92 -904.0000000000
106 -699.0000000000
145 -622.0000000000
183 -485.0000000000
236 -388.0000000000
266 -301.0000000000
320 -224.0000000000
399 -204.0000000000
422 -186.0000000000
451 -176.0000000000
463 -137.0000000000
505 -127.0000000000
540 -109.0000000000
545 -108.0000000000
553 -90.0000000000
581 -89.0000000000
584 -70.0000000000
630 -61.0000000000
661 -52.0000000000
663 -51.0000000000
669 -32.0000000000
721 -24.0000000000
782 -23.0000000000
787 -13.0000000000
870 -5.0000000000
901 -4.0000000000
958 -3.0000000000
1005 5.0000000000
1132 6.0000000000
1167 7.0000000000
1616 8.0000000000
200020 -11.0000000000
evaluations raw_y
1 -1761.0000000000
2 -1624.0000000000
3 -981.0000000000
40 -971.0000000000
62 -952.0000000000
92 -942.0000000000
104 -894.0000000000
106 -864.0000000000
133 -718.0000000000
161 -708.0000000000
181 -679.0000000000
184 -601.0000000000
200 -582.0000000000
246 -534.0000000000
263 -524.0000000000
276 -485.0000000000
280 -426.0000000000
303 -397.0000000000
349 -358.0000000000
376 -329.0000000000
399 -310.0000000000
422 -300.0000000000
444 -262.0000000000
475 -223.0000000000
541 -214.0000000000
581 -205.0000000000
586 -204.0000000000
602 -166.0000000000
629 -156.0000000000
669 -137.0000000000
705 -128.0000000000
713 -127.0000000000
726 -118.0000000000
741 -108.0000000000
764 -79.0000000000
787 -70.0000000000
811 -50.0000000000
867 -41.0000000000
885 -31.0000000000
916 -22.0000000000
987 -12.0000000000
1016 -2.0000000000
1116 5.0000000000
1132 7.0000000000
1329 8.0000000000
1461 9.0000000000
200020 -10.0000000000
evaluations raw_y
1 -1108.0000000000
10 -943.0000000000
25 -855.0000000000
71 -854.0000000000
76 -768.0000000000
91 -709.0000000000
101 -661.0000000000
136 -612.0000000000
156 -535.0000000000
189 -486.0000000000
226 -389.0000000000
265 -350.0000000000
275 -331.0000000000
293 -292.0000000000
310 -281.0000000000
321 -272.0000000000
336 -243.0000000000
347 -205.0000000000
361 -185.0000000000
385 -176.0000000000
423 -166.0000000000
427 -157.0000000000
445 -119.0000000000
447 -110.0000000000
466 -70.0000000000
502 -61.0000000000
510 -52.0000000000
518 -23.0000000000
589 -22.0000000000
626 -14.0000000000
630 -4.0000000000
664 -3.0000000000
667 5.0000000000
705 6.0000000000
818 7.0000000000
6380 8.0000000000
35274 9.0000000000
200020 -49.0000000000
evaluations raw_y
1 -1147.0000000000
7 -1127.0000000000
37 -1098.0000000000
43 -962.0000000000
76 -758.0000000000
113 -748.0000000000
122 -719.0000000000
125 -700.0000000000
138 -650.0000000000
152 -611.0000000000
160 -524.0000000000
189 -457.0000000000
247 -389.0000000000
309 -360.0000000000
326 -322.0000000000
342 -302.0000000000
373 -254.0000000000
399 -196.0000000000
434 -156.0000000000
479 -148.0000000000
481 -119.0000000000
507 -100.0000000000
546 -99.0000000000
561 -81.0000000000
626 -72.0000000000
712 -62.0000000000
713 -53.0000000000
732 -43.0000000000
813 -33.0000000000
822 -25.0000000000
830 -24.0000000000
902 -23.0000000000
921 -6.0000000000
942 -5.0000000000
944 2.0000000000
993 3.0000000000
1018 5.0000000000
1023 6.0000000000
1240 7.0000000000
1370 8.0000000000
74510 9.0000000000
200020 -10.0000000000
evaluations raw_y
1 -1196.0000000000
27 -1166.0000000000
33 -962.0000000000
70 -836.0000000000
114 -797.0000000000
116 -737.0000000000
136 -709.0000000000
152 -622.0000000000
168 -583.0000000000
178 -572.0000000000
188 -553.0000000000
215 -525.0000000000
217 -457.0000000000
237 -418.0000000000
244 -369.0000000000
268 -359.0000000000
273 -350.0000000000
276 -264.0000000000
311 -195.0000000000
328 -186.0000000000
358 -166.0000000000
423 -118.0000000000
489 -100.0000000000
502 -99.0000000000
520 -81.0000000000
546 -80.0000000000
567 -33.0000000000
648 -14.0000000000
709 -4.0000000000
773 5.0000000000
802 6.0000000000
1070 7.0000000000
1187 8.0000000000
45015 9.0000000000
200020 8.0000000000
evaluations raw_y
1 -1654.0000000000
2 -1449.0000000000
5 -1439.0000000000
7 -1342.0000000000
9 -1235.0000000000
13 -1225.0000000000
22 -1196.0000000000
29 -1157.0000000000
50 -1118.0000000000
57 -1060.0000000000
65 -1001.0000000000
75 -962.0000000000
101 -875.0000000000
103 -827.0000000000
144 -787.0000000000
146 -651.0000000000
215 -593.0000000000
237 -564.0000000000
247 -544.0000000000
270 -506.0000000000
273 -487.0000000000
301 -458.0000000000
308 -438.0000000000
342 -428.0000000000
346 -419.0000000000
349 -418.0000000000
372 -390.0000000000
379 -360.0000000000
405 -341.0000000000
423 -225.0000000000
495 -215.0000000000
502 -205.0000000000
504 -177.0000000000
542 -148.0000000000
549 -138.0000000000
588 -128.0000000000
648 -119.0000000000
663 -109.0000000000
698 -100.0000000000
706 -81.0000000000
712 -80.0000000000
741 -51.0000000000
782 -22.0000000000
861 -12.0000000000
944 7.0000000000
1289 8.0000000000
1912 9.0000000000
200020 -20.0000000000
